{
  "advancedEditorSelectedIdentifier" : "ProjectBrowser",
  "openSceneRelativePaths" : [
    "Strip.usda",
    "Grid.usda"
  ],
  "recentIdentifiers" : {
    "5C29CBDF-B668-475F-B76D-64FD2457273F" : [

    ],
    "26DBAE76-5DD8-47B6-A085-1B4ADA111097" : [

    ],
    "834ECC48-DF4B-4A08-B243-AFEB557F00CC" : [

    ],
    "D59A8677-B21C-47B0-B97E-9EA162FC62FB" : [

    ]
  },
  "sceneCameraHistory" : {
    "5C29CBDF-B668-475F-B76D-64FD2457273F" : [
      {
        "date" : 724440831.224614,
        "title" : "Untitled",
        "transform" : [
          0.99973977,
          0,
          0.02280991,
          0,
          0.011404953,
          0.8660254,
          -0.4998698,
          0,
          -0.019753963,
          0.49999988,
          0.8658001,
          0,
          0.07700449,
          0.103397325,
          0.59579307,
          1
        ]
      },
      {
        "date" : 724440466.641984,
        "title" : "Untitled",
        "transform" : [
          0.99973977,
          0,
          0.02280991,
          0,
          0.011404953,
          0.8660254,
          -0.4998698,
          0,
          -0.019753963,
          0.49999988,
          0.8658001,
          0,
          0.058795217,
          0.08879922,
          0.60380805,
          1
        ]
      },
      {
        "date" : 724440463.557581,
        "title" : "Untitled",
        "transform" : [
          0.99973977,
          0,
          0.02280991,
          0,
          0.011404953,
          0.8660254,
          -0.4998698,
          0,
          -0.019753963,
          0.49999988,
          0.8658001,
          0,
          -0.013358439,
          0.117668316,
          0.58548987,
          1
        ]
      },
      {
        "date" : 724440204.073827,
        "title" : "Untitled",
        "transform" : [
          0.99999994,
          0,
          -0,
          0,
          -0,
          0.8660254,
          -0.49999988,
          0,
          0,
          0.49999988,
          0.8660254,
          0,
          7.450581e-09,
          0.117668316,
          0.5856422,
          1
        ]
      },
      {
        "date" : 724440128.642574,
        "title" : "Untitled",
        "transform" : [
          0.99999994,
          0,
          0,
          0,
          0,
          0.8660254,
          -0.49999988,
          0,
          0,
          0.49999988,
          0.8660254,
          0,
          0.07737237,
          0.016340528,
          0.5051339,
          1
        ]
      },
      {
        "date" : 724440120.309946,
        "title" : "Untitled",
        "transform" : [
          0.99999994,
          0,
          0,
          0,
          0,
          0.8660254,
          -0.49999988,
          0,
          0,
          0.49999988,
          0.8660254,
          0,
          0.07206834,
          0.015661567,
          0.50552595,
          1
        ]
      },
      {
        "date" : 724428328.438596,
        "title" : "Untitled",
        "transform" : [
          0.99999994,
          0,
          0,
          0,
          0,
          0.8660254,
          -0.49999988,
          0,
          0,
          0.49999988,
          0.8660254,
          0,
          0.028119808,
          0.2840882,
          0.35054976,
          1
        ]
      },
      {
        "date" : 724428266.93656,
        "title" : "Untitled",
        "transform" : [
          0.99999994,
          0,
          -0,
          0,
          -0,
          0.8660254,
          -0.49999988,
          0,
          0,
          0.49999988,
          0.8660254,
          0,
          0,
          0.1926326,
          0.33364952,
          1
        ]
      }
    ],
    "834ECC48-DF4B-4A08-B243-AFEB557F00CC" : [
      {
        "date" : 709280197.722116,
        "title" : "Untitled",
        "transform" : [
          0.46320754,
          3.5114444e-05,
          -0.8862498,
          0,
          -0.7269017,
          0.5720926,
          -0.37989998,
          0,
          0.5070036,
          0.820189,
          0.26502314,
          0,
          0.47568333,
          0.73008275,
          0.38925022,
          1
        ]
      },
      {
        "date" : 709280136.152494,
        "title" : "Untitled",
        "transform" : [
          -0.2713172,
          0.0052026142,
          -0.9624759,
          0,
          -0.7967806,
          0.55975306,
          0.22763416,
          0,
          0.53993315,
          0.8286431,
          -0.14772533,
          0,
          0.02216333,
          0.034054425,
          0.45866585,
          1
        ]
      },
      {
        "date" : 709280099.67166,
        "title" : "Untitled",
        "transform" : [
          -0.2713172,
          0.0052026142,
          -0.9624759,
          0,
          -0.7967806,
          0.55975306,
          0.22763416,
          0,
          0.53993315,
          0.8286431,
          -0.14772533,
          0,
          0.41008052,
          0.63009745,
          -0.11204625,
          1
        ]
      },
      {
        "date" : 709279766.601592,
        "title" : "Untitled",
        "transform" : [
          -0.2713172,
          0.0052026142,
          -0.9624759,
          0,
          -0.7967806,
          0.55975306,
          0.22763416,
          0,
          0.53993315,
          0.8286431,
          -0.14772533,
          0,
          0.78769106,
          1.2096208,
          -0.21536012,
          1
        ]
      },
      {
        "date" : 709279763.018425,
        "title" : "Untitled",
        "transform" : [
          -0.27131715,
          0.0052026813,
          -0.962476,
          0,
          -0.7967805,
          0.55975306,
          0.22763418,
          0,
          0.53993315,
          0.8286432,
          -0.1477252,
          0,
          0.21404222,
          0.49567938,
          0.0459473,
          1
        ]
      },
      {
        "date" : 709279760.002978,
        "title" : "Untitled",
        "transform" : [
          0.2098833,
          -1.1703474e-09,
          -0.97772646,
          0,
          -0.89438194,
          0.40400505,
          -0.19199216,
          0,
          0.39500654,
          0.9147567,
          0.084793925,
          0,
          0.21404222,
          0.49567938,
          0.0459473,
          1
        ]
      },
      {
        "date" : 709279434.846424,
        "title" : "Untitled",
        "transform" : [
          -0.13803534,
          1.8823076e-10,
          -0.9904273,
          0,
          -0.80258,
          0.58596385,
          0.11185516,
          0,
          0.5803547,
          0.81033707,
          -0.08088374,
          0,
          0.31447688,
          0.4390975,
          -0.043828476,
          1
        ]
      },
      {
        "date" : 709279397.324191,
        "title" : "Untitled",
        "transform" : [
          1,
          0,
          0,
          0,
          0,
          0.86602545,
          -0.49999994,
          0,
          0,
          0.49999994,
          0.86602545,
          0,
          0,
          0.27093506,
          0.46927333,
          1
        ]
      }
    ],
    "3478D549-2D7B-4F68-AD30-4E5F0264816E" : [
      {
        "date" : 724440385.922183,
        "title" : "Untitled",
        "transform" : [
          0.99999994,
          0,
          -0,
          0,
          -0,
          0.8660254,
          -0.49999994,
          0,
          0,
          0.49999994,
          0.8660254,
          0,
          0,
          0.22910953,
          0.39682937,
          1
        ]
      }
    ],
    "D59A8677-B21C-47B0-B97E-9EA162FC62FB" : [
      {
        "date" : 724428347.020442,
        "title" : "Untitled",
        "transform" : [
          0.9999922,
          5.656285e-10,
          -0.0039479085,
          0,
          -0.0014943649,
          0.9255929,
          -0.37851757,
          0,
          0.003654156,
          0.3785205,
          0.9255856,
          0,
          0.0036590844,
          0.18357037,
          0.45525175,
          1
        ]
      },
      {
        "date" : 723215072.195764,
        "title" : "Untitled",
        "transform" : [
          0.9999922,
          3.3162945e-10,
          -0.003947909,
          0,
          -0.0014943676,
          0.92559296,
          -0.37851763,
          0,
          0.0036541563,
          0.37852058,
          0.9255856,
          0,
          -0.07784317,
          0.1487008,
          0.36271676,
          1
        ]
      },
      {
        "date" : 723215070.843653,
        "title" : "Untitled",
        "transform" : [
          0.99991304,
          3.276842e-10,
          0.013182106,
          0,
          0.0049896953,
          0.9255929,
          -0.37848765,
          0,
          -0.012201263,
          0.37852055,
          0.9255124,
          0,
          -0.08404492,
          0.1487008,
          0.3613301,
          1
        ]
      },
      {
        "date" : 709387047.59783,
        "title" : "Untitled",
        "transform" : [
          0.9969888,
          3.253522e-10,
          -0.07754552,
          0,
          -0.022715706,
          0.95613277,
          -0.29205167,
          0,
          0.07414381,
          0.29293376,
          0.95325357,
          0,
          -0.05000207,
          0.11518811,
          0.37942907,
          1
        ]
      },
      {
        "date" : 709387044.906582,
        "title" : "Untitled",
        "transform" : [
          0.989361,
          -6.3054073e-10,
          -0.14548148,
          0,
          -0.06865763,
          0.88163394,
          -0.46691287,
          0,
          0.1282614,
          0.4719338,
          0.8722542,
          0,
          -0.028219085,
          0.18527319,
          0.35300487,
          1
        ]
      },
      {
        "date" : 709387041.762013,
        "title" : "Untitled",
        "transform" : [
          0.8193803,
          2.6160336e-09,
          0.5732503,
          0,
          0.28292412,
          0.8697209,
          -0.40440005,
          0,
          -0.49856776,
          0.49354377,
          0.7126322,
          0,
          -0.26012903,
          0.19373295,
          0.23352809,
          1
        ]
      },
      {
        "date" : 709387013.671996,
        "title" : "Untitled",
        "transform" : [
          0.99508685,
          3.2997044e-10,
          -0.09900577,
          0,
          -0.031179257,
          0.949117,
          -0.3133763,
          0,
          0.09396806,
          0.31492358,
          0.94445384,
          0,
          -0.042089473,
          0.12379891,
          0.37767345,
          1
        ]
      },
      {
        "date" : 709387008.94231,
        "title" : "Untitled",
        "transform" : [
          0.99508685,
          3.2997044e-10,
          -0.09900577,
          0,
          -0.031179257,
          0.949117,
          -0.3133763,
          0,
          0.09396806,
          0.31492358,
          0.94445384,
          0,
          0.2800522,
          0.11093261,
          0.34991226,
          1
        ]
      },
      {
        "date" : 709386953.749737,
        "title" : "Untitled",
        "transform" : [
          0.99975693,
          -2.3217295e-10,
          -0.022046378,
          0,
          -0.0058136187,
          0.96460485,
          -0.26363543,
          0,
          0.021266045,
          0.2636995,
          0.9643704,
          0,
          -0.48905838,
          0.010173349,
          0.03903957,
          1
        ]
      },
      {
        "date" : 709386946.624996,
        "title" : "Untitled",
        "transform" : [
          0.99975693,
          -1.4185914e-10,
          -0.022046378,
          0,
          -0.005813619,
          0.96460485,
          -0.26363543,
          0,
          0.021266045,
          0.26369953,
          0.9643704,
          0,
          0.0022948752,
          0.028477976,
          0.10406778,
          1
        ]
      }
    ]
  },
  "selectedSceneRelativePath" : "Grid.usda"
}