{
  "advancedEditorSelectedIdentifier" : "StatisticsPluginID",
  "openSceneRelativePaths" : [
    "Strip.usda"
  ],
  "recentIdentifiers" : {
    "26DBAE76-5DD8-47B6-A085-1B4ADA111097" : [

    ],
    "834ECC48-DF4B-4A08-B243-AFEB557F00CC" : [

    ],
    "D59A8677-B21C-47B0-B97E-9EA162FC62FB" : [

    ]
  },
  "sceneCameraHistory" : {
    "834ECC48-DF4B-4A08-B243-AFEB557F00CC" : [
      {
        "date" : 709280197.72211599,
        "title" : "Untitled",
        "transform" : [
          0.46320754289627075,
          3.5114444472128525e-05,
          -0.88624978065490723,
          0,
          -0.72690171003341675,
          0.57209259271621704,
          -0.37989997863769531,
          0,
          0.50700360536575317,
          0.82018899917602539,
          0.26502314209938049,
          0,
          0.47568333148956299,
          0.73008275032043457,
          0.38925021886825562,
          1
        ]
      },
      {
        "date" : 709280136.15249395,
        "title" : "Untitled",
        "transform" : [
          -0.27131721377372742,
          0.0052026142366230488,
          -0.96247589588165283,
          0,
          -0.79678058624267578,
          0.55975306034088135,
          0.22763416171073914,
          0,
          0.53993314504623413,
          0.8286430835723877,
          -0.14772532880306244,
          0,
          0.022163329645991325,
          0.034054424613714218,
          0.45866584777832031,
          1
        ]
      },
      {
        "date" : 709280099.67165995,
        "title" : "Untitled",
        "transform" : [
          -0.27131721377372742,
          0.0052026142366230488,
          -0.96247589588165283,
          0,
          -0.79678058624267578,
          0.55975306034088135,
          0.22763416171073914,
          0,
          0.53993314504623413,
          0.8286430835723877,
          -0.14772532880306244,
          0,
          0.41008052229881287,
          0.63009744882583618,
          -0.1120462492108345,
          1
        ]
      },
      {
        "date" : 709279766.60159194,
        "title" : "Untitled",
        "transform" : [
          -0.27131721377372742,
          0.0052026142366230488,
          -0.96247589588165283,
          0,
          -0.79678058624267578,
          0.55975306034088135,
          0.22763416171073914,
          0,
          0.53993314504623413,
          0.8286430835723877,
          -0.14772532880306244,
          0,
          0.78769105672836304,
          1.2096208333969116,
          -0.2153601199388504,
          1
        ]
      },
      {
        "date" : 709279763.01842499,
        "title" : "Untitled",
        "transform" : [
          -0.27131715416908264,
          0.0052026812918484211,
          -0.96247601509094238,
          0,
          -0.79678052663803101,
          0.55975306034088135,
          0.22763417661190033,
          0,
          0.53993314504623413,
          0.82864320278167725,
          -0.14772519469261169,
          0,
          0.21404221653938293,
          0.49567937850952148,
          0.045947298407554626,
          1
        ]
      },
      {
        "date" : 709279760.00297797,
        "title" : "Untitled",
        "transform" : [
          0.20988330245018005,
          -1.1703473745683368e-09,
          -0.97772645950317383,
          0,
          -0.89438194036483765,
          0.40400505065917969,
          -0.19199216365814209,
          0,
          0.39500653743743896,
          0.91475671529769897,
          0.084793925285339355,
          0,
          0.21404221653938293,
          0.49567937850952148,
          0.045947298407554626,
          1
        ]
      },
      {
        "date" : 709279434.84642398,
        "title" : "Untitled",
        "transform" : [
          -0.13803534209728241,
          1.8823076430862784e-10,
          -0.99042731523513794,
          0,
          -0.80257999897003174,
          0.58596384525299072,
          0.1118551567196846,
          0,
          0.58035469055175781,
          0.81033706665039062,
          -0.08088374137878418,
          0,
          0.31447687745094299,
          0.43909749388694763,
          -0.043828476220369339,
          1
        ]
      },
      {
        "date" : 709279397.32419097,
        "title" : "Untitled",
        "transform" : [
          1,
          0,
          0,
          0,
          0,
          0.86602544784545898,
          -0.49999994039535522,
          0,
          0,
          0.49999994039535522,
          0.86602544784545898,
          0,
          0,
          0.27093505859375,
          0.46927332878112793,
          1
        ]
      }
    ],
    "D59A8677-B21C-47B0-B97E-9EA162FC62FB" : [
      {
        "date" : 709387047.59783006,
        "title" : "Untitled",
        "transform" : [
          0.99698877334594727,
          3.2535218963403167e-10,
          -0.077545523643493652,
          0,
          -0.022715706378221512,
          0.95613276958465576,
          -0.29205167293548584,
          0,
          0.07414381206035614,
          0.29293376207351685,
          0.95325356721878052,
          0,
          -0.050002068281173706,
          0.1151881068944931,
          0.37942907214164734,
          1
        ]
      },
      {
        "date" : 709387044.906582,
        "title" : "Untitled",
        "transform" : [
          0.9893609881401062,
          -6.3054073073942618e-10,
          -0.14548148214817047,
          0,
          -0.068657629191875458,
          0.8816339373588562,
          -0.46691286563873291,
          0,
          0.12826140224933624,
          0.47193381190299988,
          0.87225419282913208,
          0,
          -0.028219085186719894,
          0.1852731853723526,
          0.35300487279891968,
          1
        ]
      },
      {
        "date" : 709387041.76201296,
        "title" : "Untitled",
        "transform" : [
          0.81938028335571289,
          2.6160336119573913e-09,
          0.57325029373168945,
          0,
          0.2829241156578064,
          0.86972087621688843,
          -0.4044000506401062,
          0,
          -0.49856775999069214,
          0.49354377388954163,
          0.71263217926025391,
          0,
          -0.26012903451919556,
          0.19373294711112976,
          0.23352809250354767,
          1
        ]
      },
      {
        "date" : 709387013.671996,
        "title" : "Untitled",
        "transform" : [
          0.99508684873580933,
          3.2997043986071617e-10,
          -0.099005773663520813,
          0,
          -0.031179256737232208,
          0.94911700487136841,
          -0.31337630748748779,
          0,
          0.093968063592910767,
          0.31492358446121216,
          0.94445383548736572,
          0,
          -0.042089473456144333,
          0.1237989068031311,
          0.3776734471321106,
          1
        ]
      },
      {
        "date" : 709387008.94230998,
        "title" : "Untitled",
        "transform" : [
          0.99508684873580933,
          3.2997043986071617e-10,
          -0.099005773663520813,
          0,
          -0.031179256737232208,
          0.94911700487136841,
          -0.31337630748748779,
          0,
          0.093968063592910767,
          0.31492358446121216,
          0.94445383548736572,
          0,
          0.28005221486091614,
          0.1109326109290123,
          0.34991225600242615,
          1
        ]
      },
      {
        "date" : 709386953.74973702,
        "title" : "Untitled",
        "transform" : [
          0.99975693225860596,
          -2.3217294753408169e-10,
          -0.022046377882361412,
          0,
          -0.0058136186562478542,
          0.96460485458374023,
          -0.26363542675971985,
          0,
          0.021266045048832893,
          0.26369950175285339,
          0.96437042951583862,
          0,
          -0.48905837535858154,
          0.01017334870994091,
          0.039039570838212967,
          1
        ]
      },
      {
        "date" : 709386946.62499595,
        "title" : "Untitled",
        "transform" : [
          0.99975693225860596,
          -1.41859135549538e-10,
          -0.022046377882361412,
          0,
          -0.0058136191219091415,
          0.96460485458374023,
          -0.26363542675971985,
          0,
          0.021266045048832893,
          0.26369953155517578,
          0.96437042951583862,
          0,
          0.0022948752157390118,
          0.028477976098656654,
          0.10406778007745743,
          1
        ]
      },
      {
        "date" : 709386943.75590706,
        "title" : "Untitled",
        "transform" : [
          1,
          0,
          0,
          0,
          0,
          0.86612129211425781,
          -0.4998338520526886,
          0,
          0,
          0.4998338520526886,
          0.86612129211425781,
          0,
          0,
          0.053959157317876816,
          0.093460008502006531,
          1
        ]
      },
      {
        "date" : 709286600.46352804,
        "title" : "Untitled",
        "transform" : [
          1,
          0,
          0,
          0,
          0,
          0.86612129211425781,
          -0.4998338520526886,
          0,
          0,
          0.4998338520526886,
          0.86612129211425781,
          0,
          0,
          0.36108514666557312,
          0.62541788816452026,
          1
        ]
      },
      {
        "date" : 709286477.00195706,
        "title" : "Untitled",
        "transform" : [
          1,
          0,
          0,
          0,
          0,
          0.86612129211425781,
          -0.4998338520526886,
          0,
          0,
          0.4998338520526886,
          0.86612129211425781,
          0,
          0,
          0.11656264960765839,
          0.20189245045185089,
          1
        ]
      }
    ]
  }
}